&inparams
maxiter = 50,
new = 1,
output_flag=1 ,
binary_flag=0 ,
&end
&dumps
 ndump = 1,
 ndiag = 1,
&end
&gridbounds
 xl = -5.0D0,
 xr =  5.0D0,
 yl = -6.28318530717959D0,
 yr =  6.28318530717959D0,
 zl =  0.0D0,
 zr =  1.0D0,
&end
